{"messages":[{"role":"system","content":"In two-dimensional space, you will visit variable number of stations. You must visit each station once and return to the starting station at the end. Each station is represented with a 2-dimensional Cartesian point ( x, y ) where x is the coordinate on the X-axis and y is the coordinate on the Y-axis. The formula calculates the Euclidean distance between stations is \" ( ( X1 - X2 ) ^ 2 + ( Y1 - Y1 ) ^ 2 ) ^ 0.5 \".\n\nYour task is to find the visiting order for the stations that minimizes the total distance you will travel to finish the journey.\n\nLet’s work this out step-by-step to ensure we have the correct answer. First, calculate the Euclidean distance between all pairs of stations using the Euclidean distance formula and make a matrix of the calculated distances. Then, compare all the possible stations' orders to find the order that costs the minimum total travelling distance of the journey. At last, Sum the distances between the stations according to the order you find.\n\nThe answer format should be as follows: distance matrix, Stations' order with minimum total traveling distance, and traveling distance.\n"},{"role":"user","content":"station 0 ( 288, 149 ), station 1 ( 288, 129 ), station 2 ( 270, 133 ), station 3 ( 256, 141 ), station 4 ( 256, 157 ), station 5 ( 246, 157 ), station 6 ( 236, 169 ), station 7 ( 228, 169 ), station 8 ( 228, 161 ), and station 9 ( 220, 169 )."},{"role":"assistant","content":"{\"distance_matrix\":\"[[0, 20, 24.08, 32.98, 32.98, 42.76, 55.71, 63.25, 61.19, 70.88], [20, 0, 18.44, 34.18, 42.52, 50.48, 65.6, 72.11, 68, 78.89], [24.08, 18.44, 0, 16.12, 27.78, 33.94, 49.52, 55.32, 50.48, 61.61], [32.98, 34.18, 16.12, 0, 16, 18.87, 34.41, 39.6, 34.41, 45.61], [32.98, 42.52, 27.78, 16, 0, 10, 23.32, 30.46, 28.28, 37.95], [42.76, 50.48, 33.94, 18.87, 10, 0, 15.62, 21.63, 18.44, 28.64], [55.71, 65.6, 49.52, 34.41, 23.32, 15.62, 0, 8, 11.31, 16], [63.25, 72.11, 55.32, 39.6, 30.46, 21.63, 8, 0, 8, 8], [61.19, 68, 50.48, 34.41, 28.28, 18.44, 11.31, 8, 0, 11.31], [70.88, 78.89, 61.61, 45.61, 37.95, 28.64, 16, 8, 11.31, 0]]\",\"minimum_distance_order\":[0,1,2,3,8,9,7,6,5,4,0],\"traveling_cost\":174.88}"}]}
{"messages":[{"role":"system","content":"In two-dimensional space, you will visit variable number of stations. You must visit each station once and return to the starting station at the end. Each station is represented with a 2-dimensional Cartesian point ( x, y ) where x is the coordinate on the X-axis and y is the coordinate on the Y-axis. The formula calculates the Euclidean distance between stations is \" ( ( X1 - X2 ) ^ 2 + ( Y1 - Y1 ) ^ 2 ) ^ 0.5 \".\n\nYour task is to find the visiting order for the stations that minimizes the total distance you will travel to finish the journey.\n\nLet’s work this out step-by-step to ensure we have the correct answer. First, calculate the Euclidean distance between all pairs of stations using the Euclidean distance formula and make a matrix of the calculated distances. Then, compare all the possible stations' orders to find the order that costs the minimum total travelling distance of the journey. At last, Sum the distances between the stations according to the order you find.\n\nThe answer format should be as follows: distance matrix, Stations' order with minimum total traveling distance, and traveling distance.\n"},{"role":"user","content":"station 0 ( 212, 169 ), station 1 ( 204, 169 ), station 2 ( 196, 169 ), station 3 ( 188, 169 ), station 4 ( 196, 161 ), station 5 ( 188, 145 ), station 6 ( 172, 145 ), station 7 ( 164, 145 ), station 8 ( 156, 145 ), and station 9 ( 148, 145 )."},{"role":"assistant","content":"{\"distance_matrix\":\"[[0, 8, 16, 24, 17.89, 33.94, 46.65, 53.67, 60.93, 68.35], [8, 0, 8, 16, 11.31, 28.84, 40, 46.65, 53.67, 60.93], [16, 8, 0, 8, 8, 25.3, 33.94, 40, 46.65, 53.67], [24, 16, 8, 0, 11.31, 24, 28.84, 33.94, 40, 46.65], [17.89, 11.31, 8, 11.31, 0, 17.89, 28.84, 35.78, 43.08, 50.6], [33.94, 28.84, 25.3, 24, 17.89, 0, 16, 24, 32, 40], [46.65, 40, 33.94, 28.84, 28.84, 16, 0, 8, 16, 24], [53.67, 46.65, 40, 33.94, 35.78, 24, 8, 0, 8, 16], [60.93, 53.67, 46.65, 40, 43.08, 32, 16, 8, 0, 8], [68.35, 60.93, 53.67, 46.65, 50.6, 40, 24, 16, 8, 0]]\",\"minimum_distance_order\":[0,1,2,3,9,8,7,6,5,4,0],\"traveling_cost\":146.43}"}]}
{"messages":[{"role":"system","content":"In two-dimensional space, you will visit variable number of stations. You must visit each station once and return to the starting station at the end. Each station is represented with a 2-dimensional Cartesian point ( x, y ) where x is the coordinate on the X-axis and y is the coordinate on the Y-axis. The formula calculates the Euclidean distance between stations is \" ( ( X1 - X2 ) ^ 2 + ( Y1 - Y1 ) ^ 2 ) ^ 0.5 \".\n\nYour task is to find the visiting order for the stations that minimizes the total distance you will travel to finish the journey.\n\nLet’s work this out step-by-step to ensure we have the correct answer. First, calculate the Euclidean distance between all pairs of stations using the Euclidean distance formula and make a matrix of the calculated distances. Then, compare all the possible stations' orders to find the order that costs the minimum total travelling distance of the journey. At last, Sum the distances between the stations according to the order you find.\n\nThe answer format should be as follows: distance matrix, Stations' order with minimum total traveling distance, and traveling distance.\n"},{"role":"user","content":"station 0 ( 140, 145 ), station 1 ( 148, 169 ), station 2 ( 164, 169 ), station 3 ( 172, 169 ), station 4 ( 156, 169 ), station 5 ( 140, 169 ), station 6 ( 132, 169 ), station 7 ( 124, 169 ), station 8 ( 116, 161 ), and station 9 ( 104, 153 )."},{"role":"assistant","content":"{\"distance_matrix\":\"[[0, 25.3, 33.94, 40, 28.84, 24, 25.3, 28.84, 28.84, 36.88], [25.3, 0, 16, 24, 8, 8, 16, 24, 32.98, 46.82], [33.94, 16, 0, 8, 8, 24, 32, 40, 48.66, 62.1], [40, 24, 8, 0, 16, 32, 40, 48, 56.57, 69.86], [28.84, 8, 8, 16, 0, 16, 24, 32, 40.79, 54.41], [24, 8, 24, 32, 16, 0, 8, 16, 25.3, 39.4], [25.3, 16, 32, 40, 24, 8, 0, 8, 17.89, 32.25], [28.84, 24, 40, 48, 32, 16, 8, 0, 11.31, 25.61], [28.84, 32.98, 48.66, 56.57, 40.79, 25.3, 17.89, 11.31, 0, 14.42], [36.88, 46.82, 62.1, 69.86, 54.41, 39.4, 32.25, 25.61, 14.42, 0]]\",\"minimum_distance_order\":[0,3,2,4,1,5,6,7,8,9,0],\"traveling_cost\":150.61}"}]}
{"messages":[{"role":"system","content":"In two-dimensional space, you will visit variable number of stations. You must visit each station once and return to the starting station at the end. Each station is represented with a 2-dimensional Cartesian point ( x, y ) where x is the coordinate on the X-axis and y is the coordinate on the Y-axis. The formula calculates the Euclidean distance between stations is \" ( ( X1 - X2 ) ^ 2 + ( Y1 - Y1 ) ^ 2 ) ^ 0.5 \".\n\nYour task is to find the visiting order for the stations that minimizes the total distance you will travel to finish the journey.\n\nLet’s work this out step-by-step to ensure we have the correct answer. First, calculate the Euclidean distance between all pairs of stations using the Euclidean distance formula and make a matrix of the calculated distances. Then, compare all the possible stations' orders to find the order that costs the minimum total travelling distance of the journey. At last, Sum the distances between the stations according to the order you find.\n\nThe answer format should be as follows: distance matrix, Stations' order with minimum total traveling distance, and traveling distance.\n"},{"role":"user","content":"station 0 ( 104, 161 ), station 1 ( 104, 169 ), station 2 ( 90, 165 ), station 3 ( 80, 157 ), station 4 ( 64, 157 ), station 5 ( 64, 165 ), station 6 ( 56, 169 ), station 7 ( 56, 161 ), station 8 ( 56, 153 ), and station 9 ( 56, 145 )."},{"role":"assistant","content":"{\"distance_matrix\":\"[[0, 8, 14.56, 24.33, 40.2, 40.2, 48.66, 48, 48.66, 50.6], [8, 0, 14.56, 26.83, 41.76, 40.2, 48, 48.66, 50.6, 53.67], [14.56, 14.56, 0, 12.81, 27.2, 26, 34.23, 34.23, 36.06, 39.45], [24.33, 26.83, 12.81, 0, 16, 17.89, 26.83, 24.33, 24.33, 26.83], [40.2, 41.76, 27.2, 16, 0, 8, 14.42, 8.94, 8.94, 14.42], [40.2, 40.2, 26, 17.89, 8, 0, 8.94, 8.94, 14.42, 21.54], [48.66, 48, 34.23, 26.83, 14.42, 8.94, 0, 8, 16, 24], [48, 48.66, 34.23, 24.33, 8.94, 8.94, 8, 0, 8, 16], [48.66, 50.6, 36.06, 24.33, 8.94, 14.42, 16, 8, 0, 8], [50.6, 53.67, 39.45, 26.83, 14.42, 21.54, 24, 16, 8, 0]]\",\"minimum_distance_order\":[0,1,2,5,6,7,8,9,4,3,0],\"traveling_cost\":136.25}"}]}
{"messages":[{"role":"system","content":"In two-dimensional space, you will visit variable number of stations. You must visit each station once and return to the starting station at the end. Each station is represented with a 2-dimensional Cartesian point ( x, y ) where x is the coordinate on the X-axis and y is the coordinate on the Y-axis. The formula calculates the Euclidean distance between stations is \" ( ( X1 - X2 ) ^ 2 + ( Y1 - Y1 ) ^ 2 ) ^ 0.5 \".\n\nYour task is to find the visiting order for the stations that minimizes the total distance you will travel to finish the journey.\n\nLet’s work this out step-by-step to ensure we have the correct answer. First, calculate the Euclidean distance between all pairs of stations using the Euclidean distance formula and make a matrix of the calculated distances. Then, compare all the possible stations' orders to find the order that costs the minimum total travelling distance of the journey. At last, Sum the distances between the stations according to the order you find.\n\nThe answer format should be as follows: distance matrix, Stations' order with minimum total traveling distance, and traveling distance.\n"},{"role":"user","content":"station 0 ( 56, 137 ), station 1 ( 56, 129 ), station 2 ( 56, 121 ), station 3 ( 40, 121 ), station 4 ( 40, 129 ), station 5 ( 40, 137 ), station 6 ( 40, 145 ), station 7 ( 40, 153 ), station 8 ( 40, 161 ), and station 9 ( 40, 169 )."},{"role":"assistant","content":"{\"distance_matrix\":\"[[0, 8, 16, 22.63, 17.89, 16, 17.89, 22.63, 28.84, 35.78], [8, 0, 8, 17.89, 16, 17.89, 22.63, 28.84, 35.78, 43.08], [16, 8, 0, 16, 17.89, 22.63, 28.84, 35.78, 43.08, 50.6], [22.63, 17.89, 16, 0, 8, 16, 24, 32, 40, 48], [17.89, 16, 17.89, 8, 0, 8, 16, 24, 32, 40], [16, 17.89, 22.63, 16, 8, 0, 8, 16, 24, 32], [17.89, 22.63, 28.84, 24, 16, 8, 0, 8, 16, 24], [22.63, 28.84, 35.78, 32, 24, 16, 8, 0, 8, 16], [28.84, 35.78, 43.08, 40, 32, 24, 16, 8, 0, 8], [35.78, 43.08, 50.6, 48, 40, 32, 24, 16, 8, 0]]\",\"minimum_distance_order\":[0,1,2,3,4,5,6,7,8,9,0],\"traveling_cost\":115.78}"}]}
{"messages":[{"role":"system","content":"In two-dimensional space, you will visit variable number of stations. You must visit each station once and return to the starting station at the end. Each station is represented with a 2-dimensional Cartesian point ( x, y ) where x is the coordinate on the X-axis and y is the coordinate on the Y-axis. The formula calculates the Euclidean distance between stations is \" ( ( X1 - X2 ) ^ 2 + ( Y1 - Y1 ) ^ 2 ) ^ 0.5 \".\n\nYour task is to find the visiting order for the stations that minimizes the total distance you will travel to finish the journey.\n\nLet’s work this out step-by-step to ensure we have the correct answer. First, calculate the Euclidean distance between all pairs of stations using the Euclidean distance formula and make a matrix of the calculated distances. Then, compare all the possible stations' orders to find the order that costs the minimum total travelling distance of the journey. At last, Sum the distances between the stations according to the order you find.\n\nThe answer format should be as follows: distance matrix, Stations' order with minimum total traveling distance, and traveling distance.\n"},{"role":"user","content":"station 0 ( 32, 169 ), station 1 ( 32, 161 ), station 2 ( 32, 153 ), station 3 ( 32, 145 ), station 4 ( 32, 137 ), station 5 ( 32, 129 ), station 6 ( 32, 121 ), station 7 ( 32, 113 ), station 8 ( 40, 113 ), and station 9 ( 56, 113 )."},{"role":"assistant","content":"{\"distance_matrix\":\"[[0, 8, 16, 24, 32, 40, 48, 56, 56.57, 60.93], [8, 0, 8, 16, 24, 32, 40, 48, 48.66, 53.67], [16, 8, 0, 8, 16, 24, 32, 40, 40.79, 46.65], [24, 16, 8, 0, 8, 16, 24, 32, 32.98, 40], [32, 24, 16, 8, 0, 8, 16, 24, 25.3, 33.94], [40, 32, 24, 16, 8, 0, 8, 16, 17.89, 28.84], [48, 40, 32, 24, 16, 8, 0, 8, 11.31, 25.3], [56, 48, 40, 32, 24, 16, 8, 0, 8, 24], [56.57, 48.66, 40.79, 32.98, 25.3, 17.89, 11.31, 8, 0, 16], [60.93, 53.67, 46.65, 40, 33.94, 28.84, 25.3, 24, 16, 0]]\",\"minimum_distance_order\":[0,1,2,3,4,5,6,7,8,9,0],\"traveling_cost\":140.93}"}]}
{"messages":[{"role":"system","content":"In two-dimensional space, you will visit variable number of stations. You must visit each station once and return to the starting station at the end. Each station is represented with a 2-dimensional Cartesian point ( x, y ) where x is the coordinate on the X-axis and y is the coordinate on the Y-axis. The formula calculates the Euclidean distance between stations is \" ( ( X1 - X2 ) ^ 2 + ( Y1 - Y1 ) ^ 2 ) ^ 0.5 \".\n\nYour task is to find the visiting order for the stations that minimizes the total distance you will travel to finish the journey.\n\nLet’s work this out step-by-step to ensure we have the correct answer. First, calculate the Euclidean distance between all pairs of stations using the Euclidean distance formula and make a matrix of the calculated distances. Then, compare all the possible stations' orders to find the order that costs the minimum total travelling distance of the journey. At last, Sum the distances between the stations according to the order you find.\n\nThe answer format should be as follows: distance matrix, Stations' order with minimum total traveling distance, and traveling distance.\n"},{"role":"user","content":"station 0 ( 56, 105 ), station 1 ( 48, 99 ), station 2 ( 40, 99 ), station 3 ( 32, 97 ), station 4 ( 32, 89 ), station 5 ( 24, 89 ), station 6 ( 16, 97 ), station 7 ( 16, 109 ), station 8 ( 8, 109 ), and station 9 ( 8, 97 )."},{"role":"assistant","content":"{\"distance_matrix\":\"[[0, 10, 17.09, 25.3, 28.84, 35.78, 40.79, 40.2, 48.17, 48.66], [10, 0, 8, 16.12, 18.87, 26, 32.06, 33.53, 41.23, 40.05], [17.09, 8, 0, 8.25, 12.81, 18.87, 24.08, 26, 33.53, 32.06], [25.3, 16.12, 8.25, 0, 8, 11.31, 16, 20, 26.83, 24], [28.84, 18.87, 12.81, 8, 0, 8, 17.89, 25.61, 31.24, 25.3], [35.78, 26, 18.87, 11.31, 8, 0, 11.31, 21.54, 25.61, 17.89], [40.79, 32.06, 24.08, 16, 17.89, 11.31, 0, 12, 14.42, 8], [40.2, 33.53, 26, 20, 25.61, 21.54, 12, 0, 8, 14.42], [48.17, 41.23, 33.53, 26.83, 31.24, 25.61, 14.42, 8, 0, 12], [48.66, 40.05, 32.06, 24, 25.3, 17.89, 8, 14.42, 12, 0]]\",\"minimum_distance_order\":[0,1,4,5,6,9,8,7,3,2,0],\"traveling_cost\":121.52000000000001}"}]}
{"messages":[{"role":"system","content":"In two-dimensional space, you will visit variable number of stations. You must visit each station once and return to the starting station at the end. Each station is represented with a 2-dimensional Cartesian point ( x, y ) where x is the coordinate on the X-axis and y is the coordinate on the Y-axis. The formula calculates the Euclidean distance between stations is \" ( ( X1 - X2 ) ^ 2 + ( Y1 - Y1 ) ^ 2 ) ^ 0.5 \".\n\nYour task is to find the visiting order for the stations that minimizes the total distance you will travel to finish the journey.\n\nLet’s work this out step-by-step to ensure we have the correct answer. First, calculate the Euclidean distance between all pairs of stations using the Euclidean distance formula and make a matrix of the calculated distances. Then, compare all the possible stations' orders to find the order that costs the minimum total travelling distance of the journey. At last, Sum the distances between the stations according to the order you find.\n\nThe answer format should be as follows: distance matrix, Stations' order with minimum total traveling distance, and traveling distance.\n"},{"role":"user","content":"station 0 ( 8, 89 ), station 1 ( 8, 81 ), station 2 ( 8, 73 ), station 3 ( 8, 65 ), station 4 ( 8, 57 ), station 5 ( 16, 57 ), station 6 ( 8, 49 ), station 7 ( 8, 41 ), station 8 ( 24, 45 ), and station 9 ( 32, 41 )."},{"role":"assistant","content":"{\"distance_matrix\":\"[[0, 8, 16, 24, 32, 32.98, 40, 48, 46.82, 53.67], [8, 0, 8, 16, 24, 25.3, 32, 40, 39.4, 46.65], [16, 8, 0, 8, 16, 17.89, 24, 32, 32.25, 40], [24, 16, 8, 0, 8, 11.31, 16, 24, 25.61, 33.94], [32, 24, 16, 8, 0, 8, 8, 16, 20, 28.84], [32.98, 25.3, 17.89, 11.31, 8, 0, 11.31, 17.89, 14.42, 22.63], [40, 32, 24, 16, 8, 11.31, 0, 8, 16.49, 25.3], [48, 40, 32, 24, 16, 17.89, 8, 0, 16.49, 24], [46.82, 39.4, 32.25, 25.61, 20, 14.42, 16.49, 16.49, 0, 8.94], [53.67, 46.65, 40, 33.94, 28.84, 22.63, 25.3, 24, 8.94, 0]]\",\"minimum_distance_order\":[0,1,2,3,4,6,7,9,8,5,0],\"traveling_cost\":128.34}"}]}
{"messages":[{"role":"system","content":"In two-dimensional space, you will visit variable number of stations. You must visit each station once and return to the starting station at the end. Each station is represented with a 2-dimensional Cartesian point ( x, y ) where x is the coordinate on the X-axis and y is the coordinate on the Y-axis. The formula calculates the Euclidean distance between stations is \" ( ( X1 - X2 ) ^ 2 + ( Y1 - Y1 ) ^ 2 ) ^ 0.5 \".\n\nYour task is to find the visiting order for the stations that minimizes the total distance you will travel to finish the journey.\n\nLet’s work this out step-by-step to ensure we have the correct answer. First, calculate the Euclidean distance between all pairs of stations using the Euclidean distance formula and make a matrix of the calculated distances. Then, compare all the possible stations' orders to find the order that costs the minimum total travelling distance of the journey. At last, Sum the distances between the stations according to the order you find.\n\nThe answer format should be as follows: distance matrix, Stations' order with minimum total traveling distance, and traveling distance.\n"},{"role":"user","content":"station 0 ( 32, 49 ), station 1 ( 32, 57 ), station 2 ( 32, 65 ), station 3 ( 32, 73 ), station 4 ( 32, 81 ), station 5 ( 40, 83 ), station 6 ( 40, 73 ), station 7 ( 40, 63 ), station 8 ( 40, 51 ), and station 9 ( 44, 43 )."},{"role":"assistant","content":"{\"distance_matrix\":\"[[0, 8, 16, 24, 32, 34.93, 25.3, 16.12, 8.25, 13.42], [8, 0, 8, 16, 24, 27.2, 17.89, 10, 10, 18.44], [16, 8, 0, 8, 16, 19.7, 11.31, 8.25, 16.12, 25.06], [24, 16, 8, 0, 8, 12.81, 8, 12.81, 23.41, 32.31], [32, 24, 16, 8, 0, 8.25, 11.31, 19.7, 31.05, 39.85], [34.93, 27.2, 19.7, 12.81, 8.25, 0, 10, 20, 32, 40.2], [25.3, 17.89, 11.31, 8, 11.31, 10, 0, 10, 22, 30.27], [16.12, 10, 8.25, 12.81, 19.7, 20, 10, 0, 12, 20.4], [8.25, 10, 16.12, 23.41, 31.05, 32, 22, 12, 0, 8.94], [13.42, 18.44, 25.06, 32.31, 39.85, 40.2, 30.27, 20.4, 8.94, 0]]\",\"minimum_distance_order\":[0,1,2,3,4,5,6,7,8,9,0],\"traveling_cost\":94.61}"}]}
{"messages":[{"role":"system","content":"In two-dimensional space, you will visit variable number of stations. You must visit each station once and return to the starting station at the end. Each station is represented with a 2-dimensional Cartesian point ( x, y ) where x is the coordinate on the X-axis and y is the coordinate on the Y-axis. The formula calculates the Euclidean distance between stations is \" ( ( X1 - X2 ) ^ 2 + ( Y1 - Y1 ) ^ 2 ) ^ 0.5 \".\n\nYour task is to find the visiting order for the stations that minimizes the total distance you will travel to finish the journey.\n\nLet’s work this out step-by-step to ensure we have the correct answer. First, calculate the Euclidean distance between all pairs of stations using the Euclidean distance formula and make a matrix of the calculated distances. Then, compare all the possible stations' orders to find the order that costs the minimum total travelling distance of the journey. At last, Sum the distances between the stations according to the order you find.\n\nThe answer format should be as follows: distance matrix, Stations' order with minimum total traveling distance, and traveling distance.\n"},{"role":"user","content":"station 0 ( 44, 35 ), station 1 ( 44, 27 ), station 2 ( 32, 25 ), station 3 ( 24, 25 ), station 4 ( 16, 25 ), station 5 ( 16, 17 ), station 6 ( 24, 17 ), station 7 ( 32, 17 ), station 8 ( 44, 11 ), and station 9 ( 56, 9 )."},{"role":"assistant","content":"{\"distance_matrix\":\"[[0, 8, 15.62, 22.36, 29.73, 33.29, 26.91, 21.63, 24, 28.64], [8, 0, 12.17, 20.1, 28.07, 29.73, 22.36, 15.62, 16, 21.63], [15.62, 12.17, 0, 8, 16, 17.89, 11.31, 8, 18.44, 28.84], [22.36, 20.1, 8, 0, 8, 11.31, 8, 11.31, 24.41, 35.78], [29.73, 28.07, 16, 8, 0, 8, 11.31, 17.89, 31.3, 43.08], [33.29, 29.73, 17.89, 11.31, 8, 0, 8, 16, 28.64, 40.79], [26.91, 22.36, 11.31, 8, 11.31, 8, 0, 8, 20.88, 32.98], [21.63, 15.62, 8, 11.31, 17.89, 16, 8, 0, 13.42, 25.3], [24, 16, 18.44, 24.41, 31.3, 28.64, 20.88, 13.42, 0, 12.17], [28.64, 21.63, 28.84, 35.78, 43.08, 40.79, 32.98, 25.3, 12.17, 0]]\",\"minimum_distance_order\":[0,1,9,8,7,6,5,4,3,2,0],\"traveling_cost\":110.83999999999999}"}]}
{"messages":[{"role":"system","content":"In two-dimensional space, you will visit variable number of stations. You must visit each station once and return to the starting station at the end. Each station is represented with a 2-dimensional Cartesian point ( x, y ) where x is the coordinate on the X-axis and y is the coordinate on the Y-axis. The formula calculates the Euclidean distance between stations is \" ( ( X1 - X2 ) ^ 2 + ( Y1 - Y1 ) ^ 2 ) ^ 0.5 \".\n\nYour task is to find the visiting order for the stations that minimizes the total distance you will travel to finish the journey.\n\nLet’s work this out step-by-step to ensure we have the correct answer. First, calculate the Euclidean distance between all pairs of stations using the Euclidean distance formula and make a matrix of the calculated distances. Then, compare all the possible stations' orders to find the order that costs the minimum total travelling distance of the journey. At last, Sum the distances between the stations according to the order you find.\n\nThe answer format should be as follows: distance matrix, Stations' order with minimum total traveling distance, and traveling distance.\n"},{"role":"user","content":"station 0 ( 565, 575 ), station 1 ( 25, 185 ), station 2 ( 345, 750 ), station 3 ( 945, 685 ), station 4 ( 845, 655 ), station 5 ( 880, 660 ), station 6 ( 25, 230 ), station 7 ( 525, 1000 ), station 8 ( 580, 1175 ), and station 9 ( 650, 1130 )."},{"role":"assistant","content":"{\"distance_matrix\":\"[[0, 666.11, 281.11, 395.6, 291.2, 326.27, 640.8, 426.88, 600.19, 561.47], [666.11, 0, 649.33, 1047.09, 945.15, 978.08, 45, 956.15, 1134.96, 1132.98], [281.11, 649.33, 0, 603.51, 508.94, 542.52, 610.57, 308.06, 485.64, 487.26], [395.6, 1047.09, 603.51, 0, 104.4, 69.64, 1026.36, 525, 611, 533.9], [291.2, 945.15, 508.94, 104.4, 0, 35.36, 923.59, 470.56, 583.63, 513.47], [326.27, 978.08, 542.52, 69.64, 35.36, 0, 957.04, 491.55, 596.01, 523.26], [640.8, 45, 610.57, 1026.36, 923.59, 957.04, 0, 918.1, 1095.92, 1095.73], [426.88, 956.15, 308.06, 525, 470.56, 491.55, 918.1, 0, 183.44, 180.35], [600.19, 1134.96, 485.64, 611, 583.63, 596.01, 1095.92, 183.44, 0, 83.22], [561.47, 1132.98, 487.26, 533.9, 513.47, 523.26, 1095.73, 180.35, 83.22, 0]]\",\"minimum_distance_order\":[0,1,6,2,7,8,9,3,5,4,0],\"traveling_cost\":2826.5}"}]}
{"messages":[{"role":"system","content":"In two-dimensional space, you will visit variable number of stations. You must visit each station once and return to the starting station at the end. Each station is represented with a 2-dimensional Cartesian point ( x, y ) where x is the coordinate on the X-axis and y is the coordinate on the Y-axis. The formula calculates the Euclidean distance between stations is \" ( ( X1 - X2 ) ^ 2 + ( Y1 - Y1 ) ^ 2 ) ^ 0.5 \".\n\nYour task is to find the visiting order for the stations that minimizes the total distance you will travel to finish the journey.\n\nLet’s work this out step-by-step to ensure we have the correct answer. First, calculate the Euclidean distance between all pairs of stations using the Euclidean distance formula and make a matrix of the calculated distances. Then, compare all the possible stations' orders to find the order that costs the minimum total travelling distance of the journey. At last, Sum the distances between the stations according to the order you find.\n\nThe answer format should be as follows: distance matrix, Stations' order with minimum total traveling distance, and traveling distance.\n"},{"role":"user","content":"station 0 ( 1605, 620 ), station 1 ( 1220, 580 ), station 2 ( 1465, 200 ), station 3 ( 1530, 5 ), station 4 ( 845, 680 ), station 5 ( 725, 370 ), station 6 ( 145, 665 ), station 7 ( 415, 635 ), station 8 ( 510, 875 ), and station 9 ( 560, 365 )."},{"role":"assistant","content":"{\"distance_matrix\":\"[[0, 387.07, 442.72, 619.56, 762.36, 914.82, 1460.69, 1190.09, 1124.3, 1075.66], [387.07, 0, 452.13, 653.24, 388.1, 537.7, 1078.36, 806.88, 768.85, 694.14], [442.72, 452.13, 0, 205.55, 784.09, 759.28, 1399.51, 1136.54, 1169.47, 919.92], [619.56, 653.24, 205.55, 0, 961.69, 883.88, 1534.22, 1280.67, 1340.63, 1034.65], [762.36, 388.1, 784.09, 961.69, 0, 332.42, 700.16, 432.35, 387.62, 424.79], [914.82, 537.7, 759.28, 883.88, 332.42, 0, 650.71, 407.83, 548.86, 165.08], [1460.69, 1078.36, 1399.51, 1534.22, 700.16, 650.71, 0, 271.66, 421.1, 512.08], [1190.09, 806.88, 1136.54, 1280.67, 432.35, 407.83, 271.66, 0, 258.12, 306.47], [1124.3, 768.85, 1169.47, 1340.63, 387.62, 548.86, 421.1, 258.12, 0, 512.45], [1075.66, 694.14, 919.92, 1034.65, 424.79, 165.08, 512.08, 306.47, 512.45, 0]]\",\"minimum_distance_order\":[0,1,4,8,6,7,9,5,3,2,0],\"traveling_cost\":3859.25}"}]}
{"messages":[{"role":"system","content":"In two-dimensional space, you will visit variable number of stations. You must visit each station once and return to the starting station at the end. Each station is represented with a 2-dimensional Cartesian point ( x, y ) where x is the coordinate on the X-axis and y is the coordinate on the Y-axis. The formula calculates the Euclidean distance between stations is \" ( ( X1 - X2 ) ^ 2 + ( Y1 - Y1 ) ^ 2 ) ^ 0.5 \".\n\nYour task is to find the visiting order for the stations that minimizes the total distance you will travel to finish the journey.\n\nLet’s work this out step-by-step to ensure we have the correct answer. First, calculate the Euclidean distance between all pairs of stations using the Euclidean distance formula and make a matrix of the calculated distances. Then, compare all the possible stations' orders to find the order that costs the minimum total travelling distance of the journey. At last, Sum the distances between the stations according to the order you find.\n\nThe answer format should be as follows: distance matrix, Stations' order with minimum total traveling distance, and traveling distance.\n"},{"role":"user","content":"station 0 ( 300, 465 ), station 1 ( 520, 585 ), station 2 ( 480, 415 ), station 3 ( 835, 625 ), station 4 ( 975, 580 ), station 5 ( 1215, 245 ), station 6 ( 1320, 315 ), station 7 ( 1250, 400 ), station 8 ( 660, 180 ), and station 9 ( 410, 250 )."},{"role":"assistant","content":"{\"distance_matrix\":\"[[0, 250.6, 186.82, 558.41, 684.73, 941.08, 1030.97, 952.22, 459.16, 241.51], [250.6, 0, 174.64, 317.53, 455.03, 773.71, 844.33, 753.08, 428.51, 352.6], [186.82, 174.64, 0, 412.46, 521.78, 754.4, 845.93, 770.15, 296.02, 179.23], [558.41, 317.53, 412.46, 0, 147.05, 537.4, 575.61, 472.07, 478.17, 566.79], [684.73, 455.03, 521.78, 147.05, 0, 412.1, 435.03, 328.67, 509.14, 654.31], [941.08, 773.71, 754.4, 537.4, 412.1, 0, 126.19, 158.9, 558.79, 805.02], [1030.97, 844.33, 845.93, 575.61, 435.03, 126.19, 0, 110.11, 673.67, 912.32], [952.22, 753.08, 770.15, 472.07, 328.67, 158.9, 110.11, 0, 629.68, 853.29], [459.16, 428.51, 296.02, 478.17, 509.14, 558.79, 673.67, 629.68, 0, 259.62], [241.51, 352.6, 179.23, 566.79, 654.31, 805.02, 912.32, 853.29, 259.62, 0]]\",\"minimum_distance_order\":[0,2,1,3,4,7,6,5,8,9,0],\"traveling_cost\":2450.9300000000003}"}]}
{"messages":[{"role":"system","content":"In two-dimensional space, you will visit variable number of stations. You must visit each station once and return to the starting station at the end. Each station is represented with a 2-dimensional Cartesian point ( x, y ) where x is the coordinate on the X-axis and y is the coordinate on the Y-axis. The formula calculates the Euclidean distance between stations is \" ( ( X1 - X2 ) ^ 2 + ( Y1 - Y1 ) ^ 2 ) ^ 0.5 \".\n\nYour task is to find the visiting order for the stations that minimizes the total distance you will travel to finish the journey.\n\nLet’s work this out step-by-step to ensure we have the correct answer. First, calculate the Euclidean distance between all pairs of stations using the Euclidean distance formula and make a matrix of the calculated distances. Then, compare all the possible stations' orders to find the order that costs the minimum total travelling distance of the journey. At last, Sum the distances between the stations according to the order you find.\n\nThe answer format should be as follows: distance matrix, Stations' order with minimum total traveling distance, and traveling distance.\n"},{"role":"user","content":"station 0 ( 420, 555 ), station 1 ( 575, 665 ), station 2 ( 1150, 1160 ), station 3 ( 700, 580 ), station 4 ( 685, 595 ), station 5 ( 685, 610 ), station 6 ( 770, 610 ), station 7 ( 795, 645 ), station 8 ( 720, 635 ), and station 9 ( 760, 650 )."},{"role":"assistant","content":"{\"distance_matrix\":\"[[0, 190.07, 948.12, 281.11, 268, 270.65, 354.3, 385.65, 310.48, 353.02], [190.07, 0, 758.72, 151.16, 130.38, 122.98, 202.61, 220.91, 148.07, 185.61], [948.12, 758.72, 0, 734.1, 731.74, 720.23, 668.51, 625.5, 678.62, 642.03], [281.11, 151.16, 734.1, 0, 21.21, 33.54, 76.16, 115.11, 58.52, 92.2], [268, 130.38, 731.74, 21.21, 0, 15, 86.31, 120.83, 53.15, 93.01], [270.65, 122.98, 720.23, 33.54, 15, 0, 85, 115.43, 43.01, 85], [354.3, 202.61, 668.51, 76.16, 86.31, 85, 0, 43.01, 55.9, 41.23], [385.65, 220.91, 625.5, 115.11, 120.83, 115.43, 43.01, 0, 75.66, 35.36], [310.48, 148.07, 678.62, 58.52, 53.15, 43.01, 55.9, 75.66, 0, 42.72], [353.02, 185.61, 642.03, 92.2, 93.01, 85, 41.23, 35.36, 42.72, 0]]\",\"minimum_distance_order\":[0,1,2,7,6,9,8,5,4,3,0],\"traveling_cost\":2061.58}"}]}
{"messages":[{"role":"system","content":"In two-dimensional space, you will visit variable number of stations. You must visit each station once and return to the starting station at the end. Each station is represented with a 2-dimensional Cartesian point ( x, y ) where x is the coordinate on the X-axis and y is the coordinate on the Y-axis. The formula calculates the Euclidean distance between stations is \" ( ( X1 - X2 ) ^ 2 + ( Y1 - Y1 ) ^ 2 ) ^ 0.5 \".\n\nYour task is to find the visiting order for the stations that minimizes the total distance you will travel to finish the journey.\n\nLet’s work this out step-by-step to ensure we have the correct answer. First, calculate the Euclidean distance between all pairs of stations using the Euclidean distance formula and make a matrix of the calculated distances. Then, compare all the possible stations' orders to find the order that costs the minimum total travelling distance of the journey. At last, Sum the distances between the stations according to the order you find.\n\nThe answer format should be as follows: distance matrix, Stations' order with minimum total traveling distance, and traveling distance.\n"},{"role":"user","content":"station 0 ( 475, 960 ), station 1 ( 95, 260 ), station 2 ( 875, 920 ), station 3 ( 700, 500 ), station 4 ( 555, 815 ), station 5 ( 830, 485 ), station 6 ( 1170, 65 ), station 7 ( 830, 610 ), station 8 ( 605, 625 ), and station 9 ( 595, 360 )."},{"role":"assistant","content":"{\"distance_matrix\":\"[[0, 796.49, 402, 512.08, 165.6, 593, 1133.16, 498.52, 359.34, 611.88], [796.49, 0, 1021.76, 650.86, 720.85, 768.67, 1092.54, 814.08, 627.16, 509.9], [402, 1021.76, 0, 455, 336.79, 437.32, 904.46, 313.25, 399.91, 626.1], [512.08, 650.86, 455, 0, 346.77, 130.86, 640.41, 170.29, 157, 175], [165.6, 720.85, 336.79, 346.77, 0, 429.56, 969.91, 343, 196.47, 456.75], [593, 768.67, 437.32, 130.86, 429.56, 0, 540.37, 125, 265, 266.18], [1133.16, 1092.54, 904.46, 640.41, 969.91, 540.37, 0, 642.36, 795.5, 646.26], [498.52, 814.08, 313.25, 170.29, 343, 125, 642.36, 0, 225.5, 343.11], [359.34, 627.16, 399.91, 157, 196.47, 265, 795.5, 225.5, 0, 265.19], [611.88, 509.9, 626.1, 175, 456.75, 266.18, 646.26, 343.11, 265.19, 0]]\",\"minimum_distance_order\":[0,2,7,5,6,1,9,3,8,4,0],\"traveling_cost\":3677.1299999999997}"}]}
{"messages":[{"role":"system","content":"In two-dimensional space, you will visit variable number of stations. You must visit each station once and return to the starting station at the end. Each station is represented with a 2-dimensional Cartesian point ( x, y ) where x is the coordinate on the X-axis and y is the coordinate on the Y-axis. The formula calculates the Euclidean distance between stations is \" ( ( X1 - X2 ) ^ 2 + ( Y1 - Y1 ) ^ 2 ) ^ 0.5 \".\n\nYour task is to find the visiting order for the stations that minimizes the total distance you will travel to finish the journey.\n\nLet’s work this out step-by-step to ensure we have the correct answer. First, calculate the Euclidean distance between all pairs of stations using the Euclidean distance formula and make a matrix of the calculated distances. Then, compare all the possible stations' orders to find the order that costs the minimum total travelling distance of the journey. At last, Sum the distances between the stations according to the order you find.\n\nThe answer format should be as follows: distance matrix, Stations' order with minimum total traveling distance, and traveling distance.\n"},{"role":"user","content":"station 0 ( 9860, 14152 ), station 1 ( 9396, 14616 ), station 2 ( 11252, 14848 ), station 3 ( 11020, 13456 ), station 4 ( 9512, 15776 ), station 5 ( 10788, 13804 ), station 6 ( 10208, 14384 ), station 7 ( 11600, 13456 ), station 8 ( 11252, 14036 ), and station 9 ( 10672, 15080 )."},{"role":"assistant","content":"{\"distance_matrix\":\"[[0, 656.2, 1556.3, 1352.78, 1660.87, 991.1, 418.24, 1874.04, 1396.82, 1233.1], [656.2, 0, 1870.44, 1995.74, 1165.79, 1611.52, 844.49, 2490.63, 1944.51, 1357.75], [1556.3, 1870.44, 0, 1411.2, 1972, 1142.47, 1142.47, 1434.84, 812, 624.68], [1352.78, 1995.74, 1411.2, 0, 2767.03, 418.24, 1233.1, 580, 624.68, 1660.87], [1660.87, 1165.79, 1972, 2767.03, 0, 2348.82, 1556.3, 3121.24, 2460.73, 1352.78], [991.1, 1611.52, 1142.47, 418.24, 2348.82, 0, 820.24, 883.43, 518.77, 1281.26], [418.24, 844.49, 1142.47, 1233.1, 1556.3, 820.24, 0, 1672.98, 1100.47, 836.49], [1874.04, 2490.63, 1434.84, 580, 3121.24, 883.43, 1672.98, 0, 676.39, 1870.44], [1396.82, 1944.51, 812, 624.68, 2460.73, 518.77, 1100.47, 676.39, 0, 1194.29], [1233.1, 1357.75, 624.68, 1660.87, 1352.78, 1281.26, 836.49, 1870.44, 1194.29, 0]]\",\"minimum_distance_order\":[0,1,4,9,2,8,7,3,5,6,0],\"traveling_cost\":7524.5599999999995}"}]}
{"messages":[{"role":"system","content":"In two-dimensional space, you will visit variable number of stations. You must visit each station once and return to the starting station at the end. Each station is represented with a 2-dimensional Cartesian point ( x, y ) where x is the coordinate on the X-axis and y is the coordinate on the Y-axis. The formula calculates the Euclidean distance between stations is \" ( ( X1 - X2 ) ^ 2 + ( Y1 - Y1 ) ^ 2 ) ^ 0.5 \".\n\nYour task is to find the visiting order for the stations that minimizes the total distance you will travel to finish the journey.\n\nLet’s work this out step-by-step to ensure we have the correct answer. First, calculate the Euclidean distance between all pairs of stations using the Euclidean distance formula and make a matrix of the calculated distances. Then, compare all the possible stations' orders to find the order that costs the minimum total travelling distance of the journey. At last, Sum the distances between the stations according to the order you find.\n\nThe answer format should be as follows: distance matrix, Stations' order with minimum total traveling distance, and traveling distance.\n"},{"role":"user","content":"station 0 ( 11136, 14152 ), station 1 ( 9860, 13108 ), station 2 ( 10092, 14964 ), station 3 ( 9512, 13340 ), station 4 ( 10556, 13688 ), station 5 ( 9628, 14036 ), station 6 ( 10904, 13108 ), station 7 ( 11368, 12644 ), station 8 ( 11252, 13340 ), and station 9 ( 10672, 13340 )."},{"role":"assistant","content":"{\"distance_matrix\":\"[[0, 1648.67, 1322.6, 1815.69, 742.76, 1512.45, 1069.47, 1525.74, 820.24, 935.22], [1648.67, 0, 1870.44, 418.24, 905.99, 956.56, 1044, 1577.77, 1411.2, 844.49], [1322.6, 1870.44, 0, 1724.46, 1357.75, 1037.54, 2025.85, 2647.75, 1995.74, 1724.46], [1815.69, 418.24, 1724.46, 0, 1100.47, 705.6, 1411.2, 1982.21, 1740, 1160], [742.76, 905.99, 1357.75, 1100.47, 0, 991.1, 676.39, 1322.6, 778.15, 366.82], [1512.45, 956.56, 1037.54, 705.6, 991.1, 0, 1577.77, 2228.29, 1766.86, 1254.73], [1069.47, 1044, 2025.85, 1411.2, 676.39, 1577.77, 0, 656.2, 418.24, 328.1], [1525.74, 1577.77, 2647.75, 1982.21, 1322.6, 2228.29, 656.2, 0, 705.6, 984.29], [820.24, 1411.2, 1995.74, 1740, 778.15, 1766.86, 418.24, 705.6, 0, 580], [935.22, 844.49, 1724.46, 1160, 366.82, 1254.73, 328.1, 984.29, 580, 0]]\",\"minimum_distance_order\":[0,8,7,6,9,4,1,3,5,2,0],\"traveling_cost\":7266.929999999999}"}]}
